Lem,Boissier,lboissier@sf_tuts.com,3002 Ruskin Trail,Shikārpur,12/10/2019
Iain,Hanks,ihanks1@sf_tuts.com,2 Pankratz Hill,Monte-Carlo,12/10/2019
Avo,Laudham,alaudham2@sf_tuts.com,6948 Debs Park,Prażmów,10/18/2017
Emili,Cornner,ecornner3@sf_tuts.com,177 Magdeline Avenue,Norrköping,8/13/2017
Harrietta,Goolding,hgoolding4@sf_tuts.com,450 Heath Trail,Osielsko,8/13/2017
Preetam,G,hgoolding4@sf_tuts.com,450 Heath Trail,Osielsko,8/13/2017